9625123794476,0,0,9.13,3.99,8.53,979.25,5039
2014-02-09,12.413253031559108,0,0,8.18,0.82,8.05,984.71,5035
2014-02-10,11.4555219462165,1,0,8.78,3.01,1.66,992.84,5035
2014-02-11,11.642560102722047,0,0,7.51,1.32,4.62,996.66,5033
2014-02-12,11.87564619179088,0,0,8.83,1.94,7.24,994.27,5031
2014-02-13,11.47132889242397,0,0,7.37,-0.01,5.83,992.43,5029
2014-02-14,12.024044524925465,0,0,12.02,3.99,6.6,990.31,5031
2014-02-15,11.676097429487951,0,0,9.9,2.95,9.96,988.63,5019
2014-02-16,11.782754682522896,1,0,9.98,1.76,3.34,1006.7,5018
2014-02-17,11.164673444517511,1,0,10.67,5.02,4.07,1007.8,5016
2014-02-18,10.97136793577562,1,0,10.13,6.23,3.06,1008.67,5009
2014-02-19,10.854245207747574,1,0,10.13,5.62,3.29,1011.57,5008
2014-02-20,10.75495265607271,0,0,12.5,7.23,5.38,1001.54,5006
2014-02-21,10.688234012190248,0,0,10.15,1.83,5.42,1003.42,5004
2014-02-22,10.970704155153834,0,0,11.63,2.64,4.77,1009.09,5006
2014-02-23,11.673756101400532,0,0,11.94,6.17,7.1,1010.37,4998
2014-02-24,10.586235483360037,0,0,14.23,6.03,5.02,1005.19,4994
2014-02-25,10.476498498238236,0,0,11.43,5.06,5.69,1000.65,4995
2014-02-26,10.375365510634868,0,0,11.29,2.74,3.82,1012.73,4993
2014-02-27,10.53725030032065,0,0,10.31,3.08,4.14,1007.02,4990
2014-02-28,0.211765791016643,1,0,7.35,3.11,2.24,998.92,4987
