0,13.81,8.57,3.3,1019.49,2178
2012-05-02,9.337539285892856,1,0,9.19,7.14,2.7,1012.04,2240
2012-05-03,10.070059282563196,1,0,9.02,5.93,2.56,1006.82,2294
2012-05-04,10.042719416723694,0,0,9.71,2.9,4.28,1009.49,2338
2012-05-05,10.27866143572335,1,0,8.37,2.79,2.75,1013.88,2357
2012-05-06,10.680439778541128,1,1,14.48,6.55,2.54,1014.29,2358
2012-05-07,10.567130563840603,1,0,17.24,10.02,3.13,1007.34,2359
2012-05-08,9.268705523517458,1,0,15.18,11.78,3.06,1008.41,2462
2012-05-09,9.53090253696515,0,0,17.12,13.92,6.59,1009.21,2524
2012-05-10,9.247434648027832,0,0,15.88,6.23,5.09,1021.32,2586
2012-05-11,8.766891182288903,2,0,14.44,1.98,2.6,1036.68,2665
2012-05-12,9.19524171303537,2,0,16.26,3.74,3.29,1030.8,2685
2012-05-13,9.538208566443188,0,0,11.41,6.17,4.56,1016.78,2685
2012-05-14,9.22955050483404,1,0,11.27,4.71,3.89,1015.41,2772
2012-05-15,9.496646912973326,2,0,13.46,2.52,2.65,1025.11,2852
2012-05-16,8.130020281265036,2,0,14.06,4.54,2.52,1017.46,2909
2012-05-17,8.854128547779624,2,0,15.77,8.52,2.19,1004.51,2995
2012-05-18,8.967059395910397,2,0,16.42,9.48,0.61,1009.32,3081
2012-05-19,9.047796457262498,0,0,12.18,7.63,4.33,1010.67,3105
2012-05-20,9.835753702833207,0,0,16.22,9.33,4.53,1009.14,3106
2012-05-21,8.874805877492978,2,0,24.43,12.84,3.98,1014.23,3199
2012-05-22,8.294594520882812,2,0,25.37,14.32,2.18,1022.31,3285
2012-05-23,8.10032587302298,2,0,25.45,15.89,1.93,1025.75,3351
2012-05-24,8.027959483705224,2,0,24.14,12.14,4.88,1023.35,3406
2012-05-25,8.027600808232226,2,0,24.64,10.24,5.15,1020.27,3462
2012-05-26,8.197496112093281,2,0,25.98,10.22,3.3,1018.48,3473
2012-05-27,8.51704029853196,2,0,25.58,12.16,0.71,1017.75,3474
2012-05-28,8.180329733740775,2,0,22.37,12.93,1.06,1017.29,3518
2012-05-29,8.080146457350876,2,0,24.11,12.61,2.37,1017.83,3571
2012-05-30,8.04028630622408,2,0,19.54,12.02,4.31,1018.59,3615
2012-05-31,8.14313931262269,2,0,20.08,12.69,0.84,1019.08,3668
2012-06-01,8.217856066720477,0,0,17.54,10.58,4.71,1014.89,3717
2012-06-02,8.514010691259022,1,0,12.19,10.73,4.54,1007.36,3741
2012-06-03,9.380666845481269,1,0,13.89,6.87,3.37,1013.69,3740
2012-06-04,8.913317294787483,1,1,15.0,8.14,3.42,1014.65,3741
2012-06-05,9.310457632558126,0,0,18.13,11.78,4.58,1002.58,3741
2012-06-06,8.500324011160947,1,0,17.29,12.18,4.24,998.19,3790
2012-06-07,8.829297731596792,0,0,15.17,9.71,8.64,998.33,3839
2012-06-08,8.878438031048686,0,0,17.92,6.44,6.62,1009.44,3881
2012-06-09,8.631450614790177,2,0,17.22,9.33,1.56,1008.58,3908
2012-06-10,9.189131047222943,1,0,13.28,11.57,4.37,1002.0,3907
2012-06-11,9.528709073973625,1,0,12.87,8.79,3.69,1008.62,3946
2012-06-12,9.229789513421974,2,0,17.51,6.68,1.01,1016.35,3986
2012-06-13,7.0569202092546215,2,0,18.08,8.21,4.6,1016.24,3998
2012-06-14,8.218452128000003,0,0,17.59,11.11,4.96,1008.12,3875
2012-06-15,7.276155577277389,0,0,17.47,9.73,7.3,1008.62,3908
2012-06-16,7.862512709221201,2,0,19.44,9.47,4.86,1016.26,3698
2012-06-17,8.972697356709075,2,0,18.87,9.48,2.39,1016.94,4084
2012-06-18,8.388796548201256,2,0,20.35,9.32,1.97,1019.22,4114
2012-06-19,8.180259921999033,2,0,21.16,9.49,2.63,1016.69,4132
2012-06-20,8.098401641057194,1,0,19.08,12.86,2.75,1006.07,4143
2012-06-21,8.468765896218686,0,0,17.53,10.62,7.04,1010.38,4152
2012-06-22,8.515098582111063,0,0,18.12,9.17,5.55,1019.39,4159
2012-06-23,8.676929323885933,2,0,19.88,11.14,4.44,1012.31,4174
2012-06-24,9.067161714470524,2,0,21.15,11.02,2.35,1017.44,4174
2012-06-25,8.329941880602703,2,0,22.92,12.14,2.82,1019.93,4181
2012-06-26,8.291646356129023,2,0,22.66,16.17,2.94,1017.53,4185
2012-06-27,8.318672314892588,2,0,27.16,16.52,3.03,1005.5,4190
2012-06-28,8.194856699856937,0,0,20.96,12.33,6.24,1004.93,4194
2012-06-29,8.267674445677546,0,0,20.13,11.43,5.76,1008.1,4199
2012-06-30,8.236026610239982,0,0,17.88,9.31,5.06,1014.12,4209
2012-07-01,8.747014021673012,0,0,17.58,12.17,4.51,1015.49,4208
2012-07-02,8.636879895707267,1,0,18.81,15.16,3.64,1013.77,4263
2012-07-03,8.394533379621848,2,0,21.44,15.78,3.35,1009.62,4284
2012-07-04,8.288182567184931,2,0,22.33,12.99,1.35,1009.33,4245
2012-07-05,8.150896273827035,2,1,18.7,13.22,2.46,1007.45,4348
2012-07-06,8.259490314662154,2,0,18.65,12.54,3.33,1007.26,4440
2012-07-07,8.502404236187306,1,0,18.77,14.02,1.08,1005.49,4485
2012-07-08,9.140210925328864,1,0,18.0,13.52,3.31,1010.95,4485
2012-07-09,8.56073073439014,1,0,17.46,12.53,3.33,1010.77,4542
2012-07-10,8.393934640522879,2,0,18.75,10.82,4.03,1010.87,4590
2012-07-11,8.267582704097443,2,0,18.67,10.29,3.27,1012.07,4637
2012-07-12,8.298652136324803,0,0,19.26,12.88,4.59,1002.07,4680
2012-07-13,8.288832236246023,1,0,16.44,12.58,1.68,1004.61,4715
2012-07-14,8.65660535813122,2,0,18.26,9.03,3.45,1015.16,4741
2012-07-15,8.696018982535321,0,0,17.06,12.67,5.27,1019.8,4741
2012-07-16,8.635236919810126,2,0,22.44,14.26,4.9,1022.06,4740
2012-07-17,8.201864768164578,0,0,18.52,14.28,5.3,1013.52,4740
2012-07-18,8.317679814342965,2,0,20.18,11.56,4.41,1010.4,4741
2012-07-19,8.184450400485408,2,0,17.77,11.44,1.52,1016.21,4738
2012-07-20,8.286871865816638,2,0,19.89,9.86,0.9,1023.63,4745
2012-07-21,8.192893783793469,2,0,22.86,10.53,3.0,1026.73,4745
2012-07-22,8.29480379277133,2,0,27.18,10.92,3.21,1023.04,4745
2012-07-23,8.046339372445756,2,0,28.32,12.24,0.87,1018.25,4747
2012-07-24,7.966585247881976,2,0,29.37,12.96,0.81,1016.59,4745
2012-07-25,8.056333964981015,2,0,26.44,12.8,2.8,1018.08,4746
2012-07-26,7.972827608851428,2,0,23.79,15.07,1.48,1012.66,4745
2012-07-27,8.282462299999972,2,0,21.09,8.16,2.52,1010.56,4748
2012-07-28,8.157967136064887,2,0,17.92,9.81,3.53,1011.76,4747
2012-07-29,8.624867311857617,2,0,19.69,7.83,4.22,1015.19,4748
2012-07-30,8.14223420469672,2,0,20.19,13.16,3.03,1014.62,4748
2012-07-31,8.268005468721093,2,0,22.57,13.95,3.24,1009.58,4754
2012-08-01,8.121562381632655,2,0,21.29,13.13,4.71,1010.31,4753
2012-08-02,8.022778034483473,2,0,21.77,12.09,4.37,1012.49,4753
2012-08-03,8.053070993656801,2,0,21.04,13.09,3.97,1010.03,4761
2012-08-04,8.213480361268635,2,0,20.69,12.76,2.23,1007.24,4761
2012-08-05,8.723626681407547,2,0,20.95,12.89,3.26,1009.08,4760
2012-08-06,8.326215919680736,2,0,19.32,11.42,3.83,1019.52,4761
2012-08-07,8.27297731646716,2,0,22.8,14.56,1.73,1022.61,4761
2012-08-08,8.06425288853181,2,0,25.92,13.31,0.52,1025.62,4761
2012-08-09,8.035574039277478,2,0,24.99,13.77,0.55,1026.05,4761
2012-08-10,8.028647478886516,2,0,22.91,12.38,4.3,1020.96,4760
2012-08-11,8.091458613592405,2,0,25.13,14.21,2.43,1012.34,4760
2012-08-12,8.463034453781495,2,0,22.68,14.78,2.92,1011.16,4760
2012-08-13,8.144699642827153,2,0,23.97,15.33,2.31,1011.08,4761
2012-08-14,7.946943080172224,2,0,22.57,15.23,2.67,1006.5,4761
2012-08-15,8.157101659525297,2,0,21.67,13.28,4.22,1014.08,4761
2012-08-16,8.017318066638659,2,0,27.23,14.11,3.71,1013.84,4760
2012-08-17,7.830606092773096,2,0,29.86,15.92,2.17,1013.75,4760
2012-08-18,8.074490018827486,2,0,28.88,17.77,0.76,1015.16,4759
2012-08-19,8.477218742698035,2,0,24.54,15.64,2.78,1019.31,4759
2012-08-20,8.200875998802006,2,0,22.09,13.99,2.54,1017.69,4758
2012-08-21,7.999322831169904,2,0,21.48,11.88,4.6,1017.28,4761
2012-08-22,7.903470291517915,2,0,22.04,11.29,2.6,1014.56,4763
2012-08-23,7.883942262544602,2,0,20.27,12.3,2.88,1005.28,4763
2012-08-24,7.956090489124503,1,0,20.93,14.85,3.94,1001.05,4763
2012-08-25,8.184809743490137,2,0,21.01,10.74,4.39,1014.38,4762
2012-08-26,8.162762445872735,2,0,20.99,12.62,3.82,1014.33,4761
2012-08-27,8.37163642049987,2,1,22.5,13.49,4.17,1012.79,4761
2012-08-28,8.102596597690034,1,0,19.69,12.95,4.15,1012.74,4762
2012-08-29,8.353825493931136,1,0,16.92,11.14,2.65,1016.19,4762
2012-08-30,8.403015752089901,2,0,17.72,5.08,3.21,1028.62,4761
2012-08-31,8.16314132746746,2,0,20.53,11.33,2.53,1026.14,4762
2012-09-01,8.362600293992823,1,0,18.35,13.66,3.11,1024.58,4761
2012-09-02,9.06756383834521,2,0,24.34,13.16,1.15,1025.68,4762
2012-09-03,8.424126023293425,2,0,24.79,14.14,1.9,1023.55,4761
2012-09-04,8.401733151186233,2,1,19.97,7.83,3.26,1026.74,4763
2012-09-05,8.218966841573964,2,0,20.76,8.34,1.88,1028.3,4765
2012-09-06,8.134430071608568,2,0,25.76,9.58,2.97,1024.47,4762
2012-09-07,8.090592569164563,2,0,27.12,9.27,1.39,1020.6,4764
2012-09-08,8.298888328337549,2,0,27.78,10.83,2.97,1011.85,4764
2012-09-09,8.655692275671715,0,0,20.21,14.19,5.69,1010.15,4764
2012-09-10,8.57563601987825,2,0,17.82,8.07,4.84,1012.33,4764
2012-09-11,8.297670932990556,2,0,17.92,7.95,3.93,1014.64,4765
2012-09-12,8.340625601571315,2,0,17.64,7.18,2.92,1018.75,4773
2012-09-13,8.299705538098253,2,0,20.69,10.23,5.42,1013.51,4785
2012-09-14,8.359788585398855,2,0,21.12,9.53,2.87,1017.25,4801
2012-09-15,8.463063528619047,2,0,18.31,11.04,3.88,1013.26,4801
2012-09-16,9.085466264556436,2,0,18.72,10.06,4.04,1012.36,4802
2012-09-17,8.632764182422372,2,0,17.19,6.77,4.39,1013.39,4830
2012-09-18,8.55694534935037,2,0,16.3,4.66,3.65,1021.81,4849
2012-09-19,8.62796481572014,2,0,17.38,7.24,3.17,1020.9,4860
2012-09-20,8.712346257374346,2,0,16.32,8.68,1.47,1015.46,4875
2012-09-21,8.880516980462378,2,0,15.62,5.38,1.98,1019.37,4888
2012-09-22,9.074549304214395,1,0,12.31,8.42,4.46,1009.6,4888
2012-09-23,10.57429711409864,1,0,15.2,11.14,2.53,989.47,4887
2012-09-24,9.701272486842653,0,0,15.47,8.56,4.92,988.79,4925
2012-09-25,9.304663425207709,1,0,15.14,10.23,2.57,992.07,4935
2012-09-26,9.429081904639911,1,0,16.61,9.5,2.17,1006.39,4957
2012-09-27,9.33279879572292,1,0,17.07,9.78,4.08,1012.91,4980
2012-09-28,9.345553046653336,2,0,15.83,6.81,3.36,1017.85,5005
2012-09-29,9.475827806692005,0,0,16.46,8.66,4.6,1019.0,5006
2012-09-30,10.248784016123938,1,0,16.24,12.43,4.57,1012.11,5005
2012-10-01,9.691739165407558,0,0,16.44,10.9,5.09,1010.12,5030
2012-10-02,9.516478672136635,0,0,14.34,8.97,4.65,1005.61,5064
2012-10-03,9.508226549655822,1,0,14.99,7.55,3.65,1008.02,5085
2012-10-04,9.460573305782058,1,0,15.6,10.05,3.0,1006.96,5102
2012-10-05,9.691480165135816,1,0,14.89,7.3,1.75,1012.51,5117
2012-10-06,9.689894141386713,1,0,13.64,7.43,0.4,1021.29,5120
2012-10-07,10.334055457703547,1,0,12.22,10.23,2.49,1015.27,5121
2012-10-08,10.247592320810702,1,0,14.23,8.4,2.66,1015.96,5156
2012-10-09,9.765